tree_trunk 0.6780703124999999 0.5197638888888889 0.030734374999999994 0.20267592592592593
movable_signage 0.5809036458333333 0.3926574074074074 0.0339114583333334 0.12479629629629627
tree_trunk 0.6164921875 0.3905601851851852 0.027744791666666657 0.2664907407407408
tree_trunk 0.5797161458333334 0.38208796296296293 0.01963020833333336 0.15017592592592593
car 0.8856510416666666 0.3695833333333333 0.028697916666666618 0.031203703703703692
traffic_sign 0.9734635416666667 0.3365324074074074 0.01786458333333331 0.031212962962962942
car 0.9590104166666666 0.42685185185185187 0.07572916666666671 0.07037037037037037
car 0.9257552083333334 0.6283333333333333 0.14848958333333329 0.3312962962962963
car 0.9130729166666666 0.4119907407407407 0.06343749999999998 0.061203703703703725
movable_signage 0.6499114583333333 0.39160185185185187 0.04342708333333327 0.2220925925925926
